t	counts	t0	t1
0	5.66825056	30	330
0.6	5.66825056
1.2	11.3365011
1.8	11.3365011
2.4	5.66825056
3	0
3.6	5.66825056
4.2	1.88941681
4.8	13.2259169
5.4	9.44708443
6	3.77883363
6.6	13.2259169
7.2	13.2259169
7.8	9.44708443
8.4	7.55766726
9	5.66825056
9.6	15.1153345
10.2	7.55766726
10.8	5.66825056
11.4	5.66825056
12	11.3365011
12.6	5.66825056
13.2	1.88941681
13.8	15.1153345
14.4	11.3365011
15	11.3365011
15.6	5.66825056
16.2	5.66825056
16.8	13.2259169
17.4	11.3365011
18	9.44708443
18.6	3.77883363
19.2	7.55766726
19.8	7.55766726
20.4	7.55766726
21	5.66825056
21.6	9.44708443
22.2	11.3365011
22.8	13.2259169
23.4	3.77883363
24	3.77883363
24.6	3.77883363
25.2	5.66825056
25.8	7.55766726
26.4	7.55766726
27	9.44708443
27.6	7.55766726
28.2	11.3365011
28.8	9.44708443
29.4	0
30	522231.031
30.6	522748.719
31.2	521157.813
31.8	522308.5
32.4	521777.563
33	520020.406
33.6	520181
34.2	520863.094
34.8	520375.594
35.4	520861.188
36	521395.906
36.6	522748.719
37.2	520893.313
37.8	522612.688
38.4	523838.906
39	522644.813
39.6	520141.344
40.2	521082.25
40.8	521992.969
41.4	520829.094
42	519651.969
42.6	521989.188
43.2	521046.375
43.8	522580.563
44.4	522586.219
45	521894.719
45.6	521573.5
46.2	519385.531
46.8	522650.469
47.4	521377
48	523213.531
48.6	521080.375
49.2	522863.969
49.8	521930.594
50.4	521087.938
51	521983.531
51.6	520470.063
52.2	521254.188
52.8	520872.531
53.4	521172.969
54	520488.969
54.6	522727.938
55.2	520876.313
55.8	521953.281
56.4	521781.344
57	521169.188
57.6	520781.844
58.2	521307.094
58.8	519408.219
59.4	520041.156
60	519931.594
60.6	519737
61.2	520980.219
61.8	520594.781
62.4	520702.5
63	520793.156
63.6	520320.813
64.2	521732.219
64.8	521295.781
65.4	521437.469
66	520473.844
66.6	522153.563
67.2	521675.531
67.8	520933
68.4	521048.25
69	521103.031
69.6	521257.969
70.2	522261.25
70.8	521669.875
71.4	522469.094
72	522646.688
72.6	522718.5
73.2	520190.438
73.8	520770.5
74.4	521029.344
75	520942.438
75.6	520156.438
76.2	519738.875
76.8	519765.344
77.4	521749.219
78	518595.781
78.6	521378.875
79.2	520232.031
79.8	522442.625
80.4	521044.469
81	518841.406
81.6	521080.375
82.2	520834.75
82.8	521943.813
83.4	520961.344
84	522159.219
84.6	521702
85.2	519317.531
85.8	520039.281
86.4	520154.563
87	520793.156
87.6	520727.031
88.2	520084.656
88.8	519699.188
89.4	519268.438
90	521736
90.6	520764.844
91.2	519980.719
91.8	520135.656
92.4	520999.125
93	519546.156
93.6	519508.344
94.2	521208.844
94.8	519933.5
95.4	521214.5
96	518695.906
96.6	522159.219
97.2	522134.656
97.8	521543.25
98.4	520150.781
99	520821.5
99.6	520657.125
100.2	519570.719
100.8	518384.156
101.4	519958.063
102	518418.156
102.6	518250
103.2	519990.188
103.8	519234.406
104.4	519100.25
105	522189.438
105.6	520328.375
106.2	518533.438
106.8	519313.75
107.4	520317.031
108	521626.406
108.6	519650.094
109.2	519066.25
109.8	519311.875
110.4	518299.156
111	520409.625
111.6	523238.094
112.2	520815.844
112.8	518758.25
113.4	519752.094
114	521787
114.6	520634.438
115.2	519752.094
115.8	519716.219
116.4	520870.625
117	519387.469
117.6	518871.625
118.2	520736.5
118.8	519234.406
119.4	520050.625
120	519104.031
120.6	520449.281
121.2	520715.719
121.8	520651.469
122.4	520978.313
123	522353.813
123.6	519757.75
124.2	518743.156
124.8	519763.469
125.4	521182.406
126	521133.25
126.6	519952.406
127.2	520426.625
127.8	519808.781
128.4	519194.719
129	522465.313
129.6	518969.875
130.2	519638.75
130.8	520366.156
131.4	521684.969
132	520339.719
132.6	519884.344
133.2	522166.75
133.8	518709.156
134.4	519287.313
135	522482.313
135.6	518941.531
136.2	519729.406
136.8	521138.938
137.4	518773.406
138	520562.656
138.6	521926.844
139.2	519327
139.8	520934.875
140.4	519285.406
141	520352.938
141.6	521237.188
142.2	522538.969
142.8	521375.125
143.4	522591.906
144	521768.125
144.6	520734.625
145.2	522085.531
145.8	521622.625
146.4	518856.531
147	519336.438
147.6	519476.25
148.2	521025.563
148.8	519789.875
149.4	518079.969
150	521539.469
150.6	519848.469
151.2	519551.844
151.8	520751.594
152.4	517600.063
153	518444.625
153.6	519589.625
154.2	520434.188
154.8	520668.5
155.4	521038.781
156	521794.563
156.6	520432.281
157.2	519378
157.8	517713.438
158.4	519319.406
159	517889.156
159.6	519859.813
160.2	521458.25
160.8	520396.406
161.4	520033.625
162	520906.531
162.6	520145.125
163.2	520717.594
163.8	520581.563
164.4	520683.594
165	520271.688
165.6	521945.719
166.2	520313.25
166.8	521375.125
167.4	523655.625
168	525698.125
168.6	522780.844
169.2	524010.844
169.8	522941.438
170.4	523304.219
171	522255.563
171.6	522453.969
172.2	521996.719
172.8	523708.563
173.4	522452.094
174	521885.25
174.6	521363.781
175.2	524027.844
175.8	521590.5
176.4	523018.906
177	521622.625
177.6	523228.625
178.2	523995.75
178.8	522248.031
179.4	523761.438
180	523085.031
180.6	522846.969
181.2	521541.375
181.8	522351.938
182.4	522590
183	519028.469
183.6	521615.063
184.2	520742.156
184.8	523313.656
185.4	522907.438
186	519680.313
186.6	523005.656
187.2	520128.094
187.8	520596.656
188.4	522040.188
189	522535.219
189.6	525435.5
190.2	521964.625
190.8	521726.531
191.4	523404.344
192	523020.813
192.6	521307.094
193.2	522333.063
193.8	520626.906
194.4	521828.594
195	521552.719
195.6	523334.438
196.2	520745.938
196.8	521906.031
197.4	521839.906
198	520713.813
198.6	524184.688
199.2	522187.563
199.8	525312.688
200.4	522425.625
201	522642.906
201.6	520978.313
202.2	521800.25
202.8	523553.625
203.4	523328.781
204	522597.563
204.6	521996.719
205.2	521053.906
205.8	521193.719
206.4	520483.313
207	522973.563
207.6	521087.938
208.2	520978.313
208.8	521628.281
209.4	522153.563
210	522641.031
210.6	520322.688
211.2	523470.469
211.8	522055.313
212.4	518558
213	521235.313
213.6	521654.75
214.2	521907.938
214.8	521193.719
215.4	521856.938
216	521256.063
216.6	522202.688
217.2	521516.844
217.8	519328.875
218.4	522038.281
219	520035.5
219.6	521431.813
220.2	519614.188
220.8	521180.5
221.4	521089.813
222	520538.094
222.6	519480
223.2	519992.063
223.8	519627.406
224.4	522559.781
225	520018.531
225.6	520847.969
226.2	520167.75
226.8	520235.813
227.4	521885.25
228	519085.156
228.6	521069.031
229.2	521987.281
229.8	522051.531
230.4	521524.375
231	520887.656
231.6	520900.875
232.2	521050.156
232.8	522108.219
233.4	522002.406
234	520103.531
234.6	520300.031
235.2	519204.188
235.8	519806.906
236.4	521048.25
237	520118.656
237.6	520558.875
238.2	519772.906
238.8	520095.969
239.4	519901.375
240	520891.438
240.6	520377.5
241.2	520301.938
241.8	519253.281
242.4	521097.375
243	519436.563
243.6	521839.906
244.2	520403.938
244.8	521282.531
245.4	521577.281
246	520065.75
246.6	521012.375
247.2	519415.781
247.8	521303.313
248.4	520881.969
249	518958.563
249.6	520730.813
250.2	520539.969
250.8	521736
251.4	520519.219
252	522255.563
252.6	521112.5
253.2	521441.25
253.8	520536.219
254.4	519774.781
255	519412
255.6	520725.156
256.2	520874.406
256.8	519459.25
257.4	520770.5
258	519000.125
258.6	521588.625
259.2	518146.094
259.8	521395.906
260.4	520477.625
261	520577.781
261.6	520647.688
262.2	521609.406
262.8	521775.656
263.4	520706.281
264	520300.031
264.6	520696.813
265.2	519871.125
265.8	517841.906
266.4	520043.063
267	519823.875
267.6	521138.938
268.2	520281.125
268.8	519693.531
269.4	521240.969
270	519659.531
270.6	521632.063
271.2	519791.781
271.8	519721.875
272.4	521104.906
273	520137.563
273.6	520281.125
274.2	520710.031
274.8	520033.625
275.4	519585.844
276	519408.219
276.6	518690.25
277.2	519226.844
277.8	520095.969
278.4	518763.938
279	517909.906
279.6	519676.531
280.2	520286.813
280.8	520328.375
281.4	520594.781
282	520237.688
282.6	521146.5
283.2	520611.813
283.8	520224.438
284.4	519395
285	519587.719
285.6	519206.063
286.2	520196.094
286.8	520893.313
287.4	520286.813
288	520659.031
288.6	520570.219
289.2	520863.094
289.8	519153.156
290.4	521981.625
291	521666.063
291.6	521392.125
292.2	519045.469
292.8	520160.219
293.4	520604.219
294	519138.063
294.6	519563.156
295.2	520010.938
295.8	521035
296.4	518979.313
297	520505.969
297.6	520398.281
298.2	521106.844
298.8	520228.219
299.4	520713.813
300	521101.125
300.6	521675.531
301.2	520184.781
301.8	521356.219
302.4	520885.75
303	519463.031
303.6	520751.594
304.2	520961.344
304.8	518531.531
305.4	520235.813
306	521358.125
306.6	521420.469
307.2	519013.344
307.8	518610.906
308.4	521397.781
309	519988.281
309.6	520683.594
310.2	519221.188
310.8	519289.188
311.4	520273.594
312	520143.219
312.6	519249.531
313.2	520407.719
313.8	519799.344
314.4	519077.594
315	520942.438
315.6	519903.25
316.2	517225.938
316.8	521747.313
317.4	520523
318	518306.688
318.6	520027.969
319.2	520453.094
319.8	519585.844
320.4	519376.094
321	518233.031
321.6	519744.563
322.2	520698.688
322.8	519000.125
323.4	520129.969
324	521847.469
324.6	520626.906
325.2	519045.469
325.8	519192.813
326.4	518180.125
327	519296.781
327.6	518660
328.2	520713.813
328.8	519340.219
329.4	522365.188
330	7.55766726
330.6	3.77883363
331.2	3.77883363
331.8	11.3365011
332.4	9.44708443
333	11.3365011
333.6	11.3365011
334.2	5.66825056
334.8	7.55766726
335.4	15.1153345
336	7.55766726
336.6	9.44708443
337.2	9.44708443
337.8	9.44708443
338.4	13.2259169
339	7.55766726
339.6	15.1153345
340.2	9.44708443
340.8	5.66825056
341.4	5.66825056
342	13.2259169
342.6	11.3365011
343.2	9.44708443
343.8	15.1153345
344.4	11.3365011
345	13.2259169
345.6	9.44708443
346.2	7.55766726
346.8	3.77883363
347.4	9.44708443
348	9.44708443
348.6	15.1153345
349.2	9.44708443
349.8	15.1153345
350.4	9.44708443
351	7.55766726
351.6	13.2259169
352.2	7.55766726
352.8	9.44708443
353.4	1.88941681
354	17.0047512
354.6	11.3365011
355.2	9.44708443
355.8	5.66825056
356.4	9.44708443
357	7.55766726
357.6	26.4518337
358.2	7.55766726
358.8	9.44708443
359.4	5.66825056
360	11.3365011
