t	counts	ref_file	wl0	bth	t0	t1	OD
0	5.66825056	ref_400_400.txt	400	13	30	330	0
0.6	1.88941681
1.2	9.44708443
1.8	11.3365011
2.4	5.66825056
3	7.55766726
3.6	3.77883363
4.2	13.2259169
4.8	7.55766726
5.4	9.44708443
6	9.44708443
6.6	1.88941681
7.2	9.44708443
7.8	7.55766726
8.4	11.3365011
9	1.88941681
9.6	3.77883363
10.2	1.88941681
10.8	13.2259169
11.4	5.66825056
12	5.66825056
12.6	7.55766726
13.2	7.55766726
13.8	7.55766726
14.4	11.3365011
15	9.44708443
15.6	11.3365011
16.2	9.44708443
16.8	9.44708443
17.4	7.55766726
18	7.55766726
18.6	13.2259169
19.2	15.1153345
19.8	9.44708443
20.4	5.66825056
21	3.77883363
21.6	3.77883363
22.2	1.88941681
22.8	13.2259169
23.4	17.0047512
24	9.44708443
24.6	9.44708443
25.2	17.0047512
25.8	18.8941689
26.4	1.88941681
27	5.66825056
27.6	5.66825056
28.2	9.44708443
28.8	9.44708443
29.4	11.3365011
30	300366.25
30.6	301365.75
31.2	301592.5
31.8	302108.281
32.4	300500.406
33	301380.875
33.6	300290.688
34.2	301492.344
34.8	301078.563
35.4	300254.781
36	301144.688
36.6	301156.031
37.2	301152.281
37.8	299230.719
38.4	300003.5
39	300897.156
39.6	298174.531
40.2	300128.188
40.8	299147.563
41.4	299544.344
42	300277.469
42.6	299610.469
43.2	299527.375
43.8	301031.344
44.4	299992.125
45	302297.219
45.6	299455.563
46.2	301617.031
46.8	299893.906
47.4	299839.094
48	299704.938
48.6	300577.875
49.2	300215.125
49.8	300088.5
50.4	300279.344
51	300946.313
51.6	301320.406
52.2	301048.313
52.8	299610.469
53.4	298550.531
54	300184.875
54.6	299172.125
55.2	300160.313
55.8	300232.094
56.4	299731.406
57	301006.781
57.6	300575.969
58.2	300630.781
58.8	299281.75
59.4	300810.281
60	299854.219
60.6	299933.594
61.2	299338.406
61.8	299582.125
62.4	298743.219
63	300065.844
63.6	300965.219
64.2	299243.938
64.8	300606.219
65.4	299927.906
66	300438.063
66.6	302199
67.2	299780.531
67.8	300538.188
68.4	300154.656
69	301679.375
69.6	300602.438
70.2	299568.938
70.8	299944.906
71.4	300627
72	302051.594
72.6	300213.188
73.2	300249.125
73.8	299442.344
74.4	299769.188
75	301278.844
75.6	301229.719
76.2	299396.969
76.8	299604.813
77.4	299927.906
78	300655.344
78.6	300054.5
79.2	299980.813
79.8	300993.531
80.4	300798.938
81	300969
81.6	299899.563
82.2	300521.188
82.8	299561.375
83.4	301105
84	301112.563
84.6	300772.469
85.2	301203.25
85.8	299788.094
86.4	299786.219
87	300991.625
87.6	302008.156
88.2	301603.813
88.8	299533.031
89.4	301188.156
90	301382.75
90.6	300366.25
91.2	300439.938
91.8	301335.5
92.4	298728.125
93	299961.906
93.6	300910.406
94.2	299559.5
94.8	300328.469
95.4	299727.625
96	301326.063
96.6	300797.031
97.2	300946.313
97.8	301537.688
98.4	299927.906
99	302380.375
99.6	300135.75
100.2	300696.906
100.8	300625.125
101.4	298008.25
102	298941.625
102.6	298452.281
103.2	299757.875
103.8	300235.875
104.4	299438.563
105	300041.281
105.6	299691.75
106.2	299922.25
106.8	300392.688
107.4	298915.188
108	299763.531
108.6	300538.188
109.2	299795.656
109.8	299797.531
110.4	300135.75
111	299336.5
111.6	299364.844
112.2	299695.5
112.8	299546.25
113.4	299553.781
114	300217
114.6	300755.469
115.2	299472.563
115.8	300961.406
116.4	301046.438
117	301488.563
117.6	301016.219
118.2	299759.75
118.8	299852.344
119.4	298998.344
120	299534.906
120.6	299961.906
121.2	298824.5
121.8	299595.375
122.4	300921.75
123	299249.625
123.6	297866.531
124.2	299260.938
124.8	300347.375
125.4	299941.156
126	300759.25
126.6	302113.969
127.2	299669.063
127.8	299516
128.4	300353.031
129	299755.969
129.6	300217
130.2	299319.531
130.8	301208.938
131.4	299988.375
132	299769.188
132.6	299791.875
133.2	300439.938
133.8	299570.813
134.4	299867.438
135	299808.875
135.6	300169.75
136.2	299306.281
136.8	299695.5
137.4	301269.375
138	301004.875
138.6	300313.375
139.2	299748.438
139.8	299414
140.4	299455.563
141	300285.031
141.6	300585.406
142.2	300194.313
142.8	301267.5
143.4	299353.531
144	299546.25
144.6	299599.156
145.2	301942.031
145.8	300795.156
146.4	299385.656
147	300022.375
147.6	298979.438
148.2	299876.906
148.8	300815.938
149.4	299404.563
150	299886.344
150.6	298796.156
151.2	299886.344
151.8	300419.156
152.4	298669.563
153	300190.531
153.6	299228.813
154.2	299062.563
154.8	300649.656
155.4	300566.531
156	299865.563
156.6	299737.063
157.2	298216.125
157.8	299844.781
158.4	297987.469
159	299788.094
159.6	299750.313
160.2	299313.844
160.8	300375.719
161.4	300281.25
162	301567.938
162.6	300179.188
163.2	298318.125
163.8	300084.719
164.4	300201.875
165	301401.625
165.6	301407.344
166.2	299941.156
166.8	300273.656
167.4	299251.5
168	300929.281
168.6	299523.563
169.2	300602.438
169.8	299372.438
170.4	301052.094
171	299043.656
171.6	300434.281
172.2	300719.594
172.8	298879.281
173.4	299508.469
174	298918.969
174.6	299300.625
175.2	300742.25
175.8	299508.469
176.4	300477.719
177	300413.5
177.6	299863.656
178.2	300781.938
178.8	299529.25
179.4	300143.281
180	298554.281
180.6	298784.813
181.2	300203.75
181.8	299410.219
182.4	301061.563
183	299878.781
183.6	299610.469
184.2	298100.844
184.8	300396.469
185.4	298871.75
186	300795.156
186.6	300390.813
187.2	300315.25
187.8	299349.75
188.4	298815.063
189	299920.344
189.6	299555.688
190.2	300787.594
190.8	299427.219
191.4	299145.688
192	298537.313
192.6	299629.375
193.2	299349.75
193.8	300392.688
194.4	298705.438
195	299153.25
195.6	300320.906
196.2	298595.875
196.8	299614.25
197.4	297702.188
198	299497.125
198.6	299058.781
199.2	299045.563
199.8	299200.469
200.4	299784.313
201	299004
201.6	299417.781
202.2	299370.5
202.8	300473.969
203.4	300494.719
204	300360.594
204.6	300203.75
205.2	301792.75
205.8	299372.438
206.4	301174.906
207	298731.906
207.6	298633.656
208.2	299068.219
208.8	299667.156
209.4	300164.094
210	300432.375
210.6	299115.438
211.2	299937.375
211.8	298835.813
212.4	300332.25
213	299279.844
213.6	297739.969
214.2	299584.031
214.8	300266.125
215.4	299149.469
216	300262.344
216.6	300838.594
217.2	299406.438
217.8	300254.781
218.4	299824
219	299073.906
219.6	298890.625
220.2	300196.219
220.8	299379.969
221.4	299283.625
222	299166.469
222.6	299289.281
223.2	297503.781
223.8	299533.031
224.4	299708.719
225	298988.875
225.6	299236.375
226.2	298684.688
226.8	298739.469
227.4	298913.281
228	299355.406
228.6	298828.25
229.2	300039.375
229.8	299285.5
230.4	299510.344
231	298716.813
231.6	300419.156
232.2	297815.563
232.8	298021.469
233.4	297653.063
234	299744.625
234.6	300625.125
235.2	300468.281
235.8	299262.844
236.4	299313.844
237	299483.906
237.6	298535.406
238.2	299636.938
238.8	299011.531
239.4	299281.75
240	299347.875
240.6	299593.5
241.2	299189.156
241.8	300222.656
242.4	299667.156
243	299965.719
243.6	299948.688
244.2	299440.438
244.8	299570.813
245.4	299842.906
246	299623.719
246.6	298934.094
247.2	299550.031
247.8	299293.063
248.4	299686.063
249	299663.406
249.6	300551.406
250.2	300422.938
250.8	298476.844
251.4	298556.188
252	298646.875
252.6	298941.625
253.2	298493.813
253.8	298422.031
254.4	298886.844
255	300339.813
255.6	297500.031
256.2	299336.5
256.8	299599.156
257.4	300632.656
258	299134.344
258.6	298312.469
259.2	299106
259.8	298996.438
260.4	299257.156
261	298784.813
261.6	298165.094
262.2	300349.25
262.8	300691.25
263.4	299466.906
264	299236.375
264.6	299956.25
265.2	298737.563
265.8	298684.688
266.4	299191.031
267	298263.344
267.6	298403.156
268.2	299604.813
268.8	298488.156
269.4	300851.844
270	298518.406
270.6	299217.5
271.2	298805.594
271.8	299801.313
272.4	298269
273	300241.531
273.6	298548.625
274.2	299788.094
274.8	298645
275.4	299489.563
276	298841.5
276.6	299432.875
277.2	298344.594
277.8	299257.156
278.4	298429.594
279	299028.563
279.6	298019.594
280.2	297371.531
280.8	299863.656
281.4	298631.781
282	298764.031
282.6	300111.188
283.2	298535.406
283.8	298973.75
284.4	298204.75
285	298556.188
285.6	298115.938
286.2	297885.438
286.8	299483.906
287.4	298248.219
288	300640.219
288.6	299234.5
289.2	299138.125
289.8	301367.625
290.4	298488.156
291	298877.406
291.6	299111.688
292.2	297568.031
292.8	297989.344
293.4	300506.063
294	298567.531
294.6	300475.844
295.2	298272.781
295.8	298652.563
296.4	297435.781
297	299259.063
297.6	299582.125
298.2	298756.469
298.8	298616.656
299.4	297928.906
300	299410.219
300.6	298714.906
301.2	299425.313
301.8	297241.156
302.4	296751.813
303	298525.938
303.6	298155.656
304.2	299310.094
304.8	297734.281
305.4	299689.844
306	300173.531
306.6	299028.563
307.2	298994.531
307.8	298754.594
308.4	298030.938
309	298860.375
309.6	297534.031
310.2	299752.188
310.8	299551.906
311.4	298624.219
312	297972.375
312.6	299963.781
313.2	297738.063
313.8	298182.063
314.4	298144.281
315	299990.25
315.6	299168.375
316.2	299404.563
316.8	297972.375
317.4	297951.563
318	299236.375
318.6	297469.781
319.2	297392.313
319.8	299485.781
320.4	297857.094
321	299245.844
321.6	299446.125
322.2	299865.563
322.8	298325.688
323.4	298518.406
324	299718.188
324.6	299134.344
325.2	300424.813
325.8	298896.281
326.4	300428.594
327	300330.344
327.6	299835.313
328.2	298374.813
328.8	297654.969
329.4	299635.063
330	7.55766726
330.6	11.3365011
331.2	9.44708443
331.8	18.8941689
332.4	13.2259169
333	3.77883363
333.6	15.1153345
334.2	7.55766726
334.8	11.3365011
335.4	9.44708443
336	13.2259169
336.6	15.1153345
337.2	11.3365011
337.8	1.88941681
338.4	7.55766726
339	7.55766726
339.6	9.44708443
340.2	15.1153345
340.8	5.66825056
341.4	5.66825056
342	15.1153345
342.6	17.0047512
343.2	9.44708443
343.8	11.3365011
344.4	7.55766726
345	13.2259169
345.6	9.44708443
346.2	9.44708443
346.8	13.2259169
347.4	5.66825056
348	13.2259169
348.6	18.8941689
349.2	7.55766726
349.8	3.77883363
350.4	7.55766726
351	20.7835846
351.6	7.55766726
352.2	13.2259169
352.8	9.44708443
353.4	11.3365011
354	11.3365011
354.6	11.3365011
355.2	7.55766726
355.8	3.77883363
356.4	3.77883363
357	13.2259169
357.6	13.2259169
358.2	5.66825056
358.8	11.3365011
359.4	9.44708443
360	11.3365011
