wl	counts
420	0.00899413512876429
420.5	0.00987102886128422
421	0.0096912224891284
421.5	0.0102467026352578
422	0.0108732897365367
422.5	0.0106504688645403
423	0.0112928111827171
423.5	0.011268919002476
424	0.0105669367777127
424.5	0.0115343507163459
425	0.0122928227344036
425.5	0.0125339407523857
426	0.011845261382857
426.5	0.012133543020936
427	0.0131632810986283
427.5	0.0125727260514379
428	0.0127524238823846
428.5	0.0132496536726253
429	0.0132610838897241
429.5	0.0135647516859882
430	0.013800838581755
430.5	0.0137895588528108
431	0.0141723698390934
431.5	0.0145041392055237
432	0.0150979527211979
432.5	0.015307914947741
433	0.0153080271162913
433.5	0.0162634175350211
434	0.0164786535436035
434.5	0.0161950418747706
435	0.0166983358353927
435.5	0.017291026828485
436	0.0175446465243449
436.5	0.0185187306783627
437	0.018685225638479
437.5	0.018662910142537
438	0.0192044913403647
438.5	0.0191512102558738
439	0.0195266499268282
439.5	0.0200585976505544
440	0.0206714199221465
440.5	0.0209331958341605
441	0.0215298037046649
441.5	0.0219790077767219
442	0.0228532468535513
442.5	0.0215480262576345
443	0.0223342947771644
443.5	0.022869596024315
444	0.0237078740127307
444.5	0.0241354664790519
445	0.0243217450509673
445.5	0.0251744180033388
446	0.0258263051582801
446.5	0.0253642389064374
447	0.0258652282032883
447.5	0.0271400622831222
448	0.0277216876534086
448.5	0.0269891983732249
449	0.0281412516975957
449.5	0.0288777317971463
450	0.0292377490365038
450.5	0.0299416698426054
451	0.0307088046954685
451.5	0.032118547964537
452	0.0314905146702326
452.5	0.0333154054630809
453	0.0342640476320866
453.5	0.0363069900873508
454	0.0364334607788806
454.5	0.0380223128544935
455	0.0391339246730333
455.5	0.0400077891106251
456	0.0421566663908647
456.5	0.0428585321686753
457	0.0448191099829191
457.5	0.0469309461571613
458	0.0485522184781447
458.5	0.0515786019535111
459	0.0539692003204561
459.5	0.0555711488648915
460	0.0572962443402317
460.5	0.0595085229868517
461	0.0627681776111425
461.5	0.0648352891336912
462	0.067750957785487
462.5	0.0718717380901926
463	0.0749231619387964
463.5	0.0784436769899929
464	0.0823483527704255
464.5	0.0852938417010452
465	0.0902127919246977
465.5	0.093749258720277
466	0.0975027439440888
466.5	0.103444632003819
467	0.108515129472642
467.5	0.113474294539806
468	0.116899757440625
468.5	0.12324494724395
469	0.128450451561193
469.5	0.134557693363699
470	0.142441524097897
470.5	0.147597265014514
471	0.15377528461421
471.5	0.159748065529648
472	0.166682622007388
472.5	0.172358266944929
473	0.180823005207895
473.5	0.186721226590442
474	0.195190575297055
474.5	0.202611428944739
475	0.209944587434027
475.5	0.218148658449257
476	0.226681053135823
476.5	0.238402766162019
477	0.241866637955486
477.5	0.254078191784932
478	0.260715147241033
478.5	0.270283785874218
479	0.278880737002809
479.5	0.287089893736389
480	0.29698701508587
480.5	0.307313347625926
481	0.319553376083626
481.5	0.326508708855534
482	0.333828379216161
482.5	0.349392153417409
483	0.356275323491867
483.5	0.367513713767884
484	0.378433113800445
484.5	0.388226098835114
485	0.398207100124141
485.5	0.407845540892747
486	0.421455745395918
486.5	0.431486293375188
487	0.443680567109309
487.5	0.45691278685014
488	0.466374883032198
488.5	0.476611749527292
489	0.485521242602828
489.5	0.499262376450899
490	0.509401238697949
490.5	0.520637040540504
491	0.534979325271385
491.5	0.542560446943494
492	0.555704926881731
492.5	0.570168921930391
493	0.577826430757294
493.5	0.593662032325972
494	0.603229262806709
494.5	0.614103429894768
495	0.627424117696693
495.5	0.635237306426473
496	0.644606757524557
496.5	0.662716577380749
497	0.668724951814028
497.5	0.68202252322168
498	0.691320582664836
498.5	0.704831828650207
499	0.717391007326411
499.5	0.719191326510112
500	0.731309711616331
500.5	0.742208039586904
501	0.75250753166241
501.5	0.76168674173688
502	0.770491464177941
502.5	0.788864778747814
503	0.793609951147341
503.5	0.804541475800314
504	0.812273464172584
504.5	0.814098034457286
505	0.829506695178933
505.5	0.83691687700285
506	0.843657467456611
506.5	0.860094674720877
507	0.860365162762333
507.5	0.869779846804919
508	0.876753958973172
508.5	0.88292396307895
509	0.889468817552254
509.5	0.899282965797484
510	0.906093858773731
510.5	0.909952813127716
511	0.913662718172481
511.5	0.920861177672305
512	0.930305559408185
512.5	0.932808982874188
513	0.937237715330134
513.5	0.944844993852494
514	0.954212081598286
514.5	0.955181223453443
515	0.959704499301914
515.5	0.958553339326569
516	0.968807460804626
516.5	0.974043109257153
517	0.969677780864841
517.5	0.982542685806925
518	0.972853155332943
518.5	0.980635104284385
519	0.98549662504736
519.5	0.983111731930037
520	0.990858802600912
520.5	0.992246204796632
521	0.992865391935889
521.5	0.993810649144513
522	0.993618269849778
522.5	0.993585298248549
523	1.00147769508845
523.5	0.993425444113052
524	1
524.5	0.998017388320304
525	0.997189294231761
525.5	0.99806660854984
526	0.995644660747243
526.5	1.00366948344281
527	0.993697745825098
527.5	0.996511167448783
528	0.995492340320349
528.5	0.993361863332797
529	0.993371033995367
529.5	0.993698741018703
530	0.988344478509622
530.5	0.986617361861175
531	0.97376326453563
531.5	0.978623604087504
532	0.974192425501481
532.5	0.973930205937738
533	0.971939056054959
533.5	0.972776134788575
534	0.961182743141981
534.5	0.966851189202414
535	0.963201507322095
535.5	0.959354358568516
536	0.943656407156882
536.5	0.943119151423897
537	0.939842685747399
537.5	0.932659117878246
538	0.931968090781896
538.5	0.926843983070622
539	0.924602690810051
539.5	0.917418672778557
540	0.915421164817752
540.5	0.911271285610073
541	0.905741715561986
541.5	0.891572231784348
542	0.894456865556078
542.5	0.886436587267951
543	0.876784023120933
543.5	0.874902231064089
544	0.866692119130664
544.5	0.859484849842213
545	0.849694589033778
545.5	0.845899214529961
546	0.844742781888682
546.5	0.834178386947048
547	0.828318926030217
547.5	0.824638813547669
548	0.816096813847678
548.5	0.810901131254243
549	0.807931390757579
549.5	0.799668053637922
550	0.787526870227349
550.5	0.789867347947066
551	0.775048256658906
551.5	0.774533075622214
552	0.768707585220568
552.5	0.761293452385027
553	0.755155646977781
553.5	0.746395794747104
554	0.741275680831477
554.5	0.736510526432491
555	0.730064357961355
555.5	0.721925410741513
556	0.7163575564325
556.5	0.709578817510586
557	0.696842977088002
557.5	0.692758721132689
558	0.687508314052
558.5	0.673670129295553
559	0.671605634574135
559.5	0.663769647540001
560	0.660438499230185
560.5	0.659141826138226
561	0.646865942808102
561.5	0.639760447412259
562	0.636740070162823
562.5	0.626079260492652
563	0.62008814290251
563.5	0.616442863126243
564	0.606499783364024
564.5	0.59869036334872
565	0.59366725569727
565.5	0.584945187340453
566	0.582815250733727
566.5	0.572628703831573
567	0.569637482964518
567.5	0.568957673653285
568	0.557891313287989
568.5	0.551472301511147
569	0.544848425875302
569.5	0.542589512177301
570	0.535329016772528
570.5	0.525165495116073
571	0.517918033027183
571.5	0.517633557400089
572	0.51098992670613
572.5	0.4987399295708
573	0.493448785588495
573.5	0.492209697932884
574	0.478810080116992
574.5	0.476411380781089
575	0.469090166475242
575.5	0.469256519131974
576	0.459285645565536
576.5	0.451468914132538
577	0.449511960776202
577.5	0.448808082661116
578	0.439488361480509
578.5	0.433250962305712
579	0.426462503969613
579.5	0.422169341995102
580	0.420103303328463
580.5	0.414133122937624
581	0.405934001847972
581.5	0.406447411998099
582	0.396379941405977
582.5	0.392821767112642
583	0.390239547565269
583.5	0.383536151309905
584	0.373203188176192
584.5	0.37301017642197
585	0.363441152732567
585.5	0.361825125732946
586	0.362892341592709
586.5	0.351744371631409
587	0.344869558392976
587.5	0.344467844308713
588	0.340464017668388
588.5	0.336695846363239
589	0.327708989541055
589.5	0.327147099511027
590	0.32219486080534
590.5	0.314776800210363
591	0.312178413882382
591.5	0.307912159338718
592	0.307272656298597
592.5	0.299105007509154
593	0.295467879949665
593.5	0.291580631404396
594	0.288758896658798
594.5	0.281367676528372
595	0.280383431912685
595.5	0.276100601349922
596	0.268361370386431
596.5	0.270900695229232
597	0.26226509617551
597.5	0.257547014434065
598	0.258033130236951
598.5	0.252613122634044
599	0.246807750954716
599.5	0.247031734622082
600	0.24334035878013
600.5	0.241884872320567
601	0.235737983678974
601.5	0.232942203954643
602	0.227410658400744
602.5	0.225108783031871
603	0.221566593221999
603.5	0.217678346692862
604	0.21628271601319
604.5	0.210528866529917
605	0.215043696253965
605.5	0.208174401224561
606	0.204235198922646
606.5	0.201902169343483
607	0.198789032609314
607.5	0.193165568369764
608	0.192280486891124
608.5	0.18993306048783
609	0.189641397144676
609.5	0.182852894164378
610	0.183009517175963
610.5	0.178210790339233
611	0.176178846819503
611.5	0.172936619523384
612	0.17466047156477
612.5	0.168348230110488
613	0.170300766481373
613.5	0.164605570174877
614	0.163319013644458
614.5	0.157972611304685
615	0.157023427266712
615.5	0.156022526644402
616	0.153099563967548
616.5	0.150959953520924
617	0.14686309581032
617.5	0.146677373151693
618	0.141577004063217
618.5	0.14039419600113
619	0.139572081445008
619.5	0.133208781908325
620	0.134527844066146
620.5	0.131569173470691
621	0.130667175560932
621.5	0.12695892793206
622	0.126944122799525
622.5	0.126502297762522
623	0.123941025645414
623.5	0.124011021239031
624	0.119850048877957
624.5	0.119217822842294
625	0.117754025120993
625.5	0.114338599724277
626	0.112086100839638
626.5	0.111220229387848
627	0.106382150549764
627.5	0.106907289103036
628	0.1043889340126
628.5	0.105078063730487
629	0.102803993326883
629.5	0.0995117077924069
630	0.0983744172815909
630.5	0.0991427504591656
631	0.0938666152985551
631.5	0.0964038744170584
632	0.0924386097617815
632.5	0.0909886690418373
633	0.0881510506342601
633.5	0.0889719107813955
634	0.0877122621468681
634.5	0.0876438112425403
635	0.0866351511793956
635.5	0.0851149542553214
636	0.0830011056507949
636.5	0.0800968700063603
637	0.0770864838496633
637.5	0.0813409528828099
638	0.0768135942293206
638.5	0.0756143581250508
639	0.0753426038624971
639.5	0.0743313948946085
640	0.0712845011300935
640.5	0.0728309248469969
641	0.0680850888300511
641.5	0.0694413055645423
642	0.0692654324393382
642.5	0.0672524209433081
643	0.0646053104014436
643.5	0.0672596418634905
644	0.0661813784246193
644.5	0.061844737650596
645	0.0637201775819749
645.5	0.0607648052627475
646	0.0601074939306211
646.5	0.0567616653990194
647	0.0556039494230333
647.5	0.0572058525791996
648	0.0546227196859191
648.5	0.0564501224590382
649	0.0525798254091864
649.5	0.0529492717824256
650	0.0509976322018906
650.5	0.050526060083949
651	0.0511601023014382
651.5	0.0502353907252867
652	0.0490465942949476
652.5	0.0477471683300599
653	0.0482340280169136
653.5	0.0481630849431784
654	0.0447111115728479
654.5	0.0490348659848109
655	0.0435447385285986
655.5	0.0449200520052835
656	0.0426199475229761
656.5	0.0450935720091586
657	0.0436502107280606
657.5	0.0409444531479964
658	0.0417782563925285
658.5	0.0398666438708425
659	0.0389448870896119
659.5	0.0392958214666572
660	0.0393747971479202
660.5	0.0387261116331175
661	0.0360850725163167
661.5	0.0369200309295012
662	0.0368737451259696
662.5	0.0365086415172004
663	0.0347810426183942
663.5	0.0352648254828493
664	0.0366613417918217
664.5	0.0339158410156079
665	0.0325778013528085
665.5	0.0340033290435218
666	0.0323496023429573
666.5	0.0317004684329797
667	0.0305473507164948
667.5	0.0295890522862443
668	0.0291197197259501
668.5	0.0294590904183429
669	0.0292623551518959
669.5	0.0278057724912267
670	0.0277137969772306
670.5	0.0282662918215696
671	0.025811196352182
671.5	0.0253718827373978
672	0.0253282224778185
672.5	0.0254727879282978
673	0.0254613066493963
673.5	0.024287363530124
674	0.0254609177798202
674.5	0.0231138830363651
675	0.0215922016926699
675.5	0.022802513278673
676	0.0221467444966352
676.5	0.0210311362782036
677	0.0204796404408287
677.5	0.0227026738750183
678	0.019946761792542
678.5	0.0214175619564755
679	0.0205097176098151
679.5	0.0174900938242489
680	0.0191782489220658
680.5	0.0197586424844913
681	0.0187664053480477
681.5	0.0181652502798447
682	0.0180309924308737
682.5	0.0187269089971157
683	0.0177506562511254
683.5	0.0183897423330285
684	0.0158715221982863
684.5	0.0174527547182222
685	0.015141288008211
685.5	0.0163436208387514
686	0.0148029150206598
686.5	0.016131538291776
687	0.0145123677824839
687.5	0.0146468753599439
688	0.0161842559292705
688.5	0.014620605969108
689	0.0152821238078883
689.5	0.0171622328714345
690	0.0142892197057114
690.5	0.0129773302895414
691	0.013602634428148
691.5	0.0124833050227105
692	0.0148472764731916
692.5	0.0129605780188631
693	0.013233154013707
693.5	0.0140216676714092
694	0.0133458967070141
694.5	0.0134555030523239
695	0.0143615052677179
695.5	0.0119733407536953
696	0.0128290876451941
696.5	0.012088007891011
697	0.0110251286571412
697.5	0.0113645312515346
698	0.0108729207708327
698.5	0.0109631734837863
699	0.0121121924907564
699.5	0.0107531650318953
700	0.00998283914189087
700.5	0.0106769120887265
701	0.010607591273577
701.5	0.00959150446189008
702	0.00784487335966051
702.5	0.00892170834227458
703	0.00866517713776515
703.5	0.0091862189998122
704	0.00726168043853402
704.5	0.00927224173070381
705	0.0083209762220531
705.5	0.00855355627877505
706	0.00828875823350642
706.5	0.00620330571134728
707	0.00856972382205537
707.5	0.00747284900714277
708	0.00713518209550347
708.5	0.00781414552937454
709	0.00598218712266351
709.5	0.00667159020256264
710	0.00703117170523578
710.5	0.006284098690541
711	0.00683873374058268
711.5	0.00588731922261651
712	0.00679408638845989
712.5	0.00582744632911585
713	0.00539233991855112
713.5	0.00603557674836357
714	0.00593452929128227
714.5	0.00603633530911197
715	0.00725329224926106
715.5	0.00576613082342654
716	0.00538572502477009
716.5	0.00521197084346881
717	0.00424609324193971
717.5	0.00469501770179699
718	0.00557715073801326
718.5	0.00590135121063163
719	0.00427303357928319
719.5	0.00604793869919899
720	0.00447532966206722
720.5	0.00450574384825258
721	0.00416647111267333
721.5	0.0041849200117325
722	0.00323153918652019
722.5	0.00514026110792318
723	0.00342950351707001
723.5	0.00345295012960211
724	0.00432515515161319
724.5	0.00404691407762555
725	0.0022686823510171
725.5	0.0038570012353794
726	0.00221482049199991
726.5	0.00310774477521497
727	0.00288782522741011
727.5	0.00250009848696345
728	0.00268803243787983
728.5	0.00212947453926442
729	0.00181636370431075
729.5	0.00307431230633718
730	0.00326488011618802
730.5	0.00244428078418429
731	0.00339556119283645
731.5	0.00230841146564227
732	0.00103318958583279
732.5	0.00199015548904893
733	0.0027027605498707
733.5	0.00351454273625487
734	0.00203335614589903
734.5	0.00205084885922166
735	0.00143768453865726
735.5	0.00353249633582736
736	0.00118476237120521
736.5	0.00137617211484631
737	0.00184628737165909
737.5	0.00139747130419694
738	1.877471698182E-4
738.5	0.00179562598087026
739	0.00209835376561915
739.5	0.00144045642257401
740	0.00183566909302928
740.5	0.00107072567508726
741	9.81692288220569E-4
741.5	-3.94913574783052E-4
742	-6.98540070512536E-4
742.5	0.00160755313068935
743	-1.01262310079857E-4
743.5	7.1319629046141E-4
744	0
744.5	6.20985133221267E-4
745	-9.38497137488359E-4
745.5	-3.15176350911144E-4
746	8.48382668087642E-4
746.5	0
747	4.31570114719222E-4
747.5	8.68445024314719E-4
748	-8.76345360381369E-4
748.5	5.51793058920819E-4
749	0
749.5	5.6004101146344E-4
750	-5.65318176230893E-4
750.5	-2.27646205845771E-4
751	2.29616877062376E-4
751.5	6.93568299039644E-4
752	0
752.5	-2.3510985002823E-4
753	-4.73389529342995E-4
753.5	-3.58209780822281E-4
754	-7.22155882699153E-4
754.5	1.21497431916852E-4
755	-0.00110089504364566
755.5	-0.00148187278099729
756	-0.00223825592488048
756.5	-0.00238468463821383
757	-0.00101120891208337
757.5	-0.00152992745280438
758	-9.0021472278631E-4
758.5	-0.0016889435887805
759	-0.00209824804257509
759.5	-0.0017205202727076
760	-0.00133676277359825
760.5	-9.45095801242835E-4
761	-0.00231699142035222
761.5	-0.00164778746883463
762	-0.00221761507005121
762.5	-0.00223347481948118
763	-0.00168762851948823
763.5	-0.00184102231384039
764	-0.00142867155381754
764.5	-0.00172734680789512
765	-0.00305166717809077
765.5	-0.00307696585522362
766	-0.00324959035226952
766.5	-0.00283183118934528
767	-0.00390970006650498
767.5	-0.00287672991621177
768	-0.00274891952667327
768.5	-0.00276848125680266
769	-0.00279084112721841
769.5	-0.0031328440508926
770	-0.00363603945944506
770.5	-0.00399199349072695
771	-0.00322531705008097
771.5	-0.00309214421326355
772	-0.00279186046589496
772.5	-0.0041397968733584
773	-0.00350746234299007
773.5	-0.00404223071511971
774	-0.00390772701612459
774.5	-0.00377646442087991
775	-0.00381214241856675
775.5	-0.0015717388844873
776	-0.00300165241202191
776.5	-0.00337719141631936
777	-0.00502961205083843
777.5	-0.00434758526223556
778	-0.00474354053313805
778.5	-0.0038696888842492
779	-0.00334506425081528
779.5	-0.00431488935753724
780	-0.00397835638995398
780.5	-0.00401605000812524
781	-0.00463280596381022
781.5	-0.00369625757351635
782	-0.00373184687806092
782.5	-0.00495567167718434
783	-0.00459799084548375
783.5	-0.00443289803875057
784	-0.00447700964188209
784.5	-0.00430716997557069
785	-0.0051760820879586
785.5	-0.00439464064805222
786	-0.00548665681617215
786.5	-0.00532977657959361
787	-0.00473815324322249
787.5	-0.00434388185850229
788	-0.00548149944388209
788.5	-0.00575258596873001
789	-0.00556993516583385
789.5	-0.00607285063665604
790	-0.00499276284979102
790.5	-0.006638412121912
791	-0.00717028957752897
791.5	-0.00560783563546107
792	-0.0056603989342388
792.5	-0.00546320842717296
793	-0.00671038760205292
793.5	-0.00555676215081168
794	-0.00681647144564465
794.5	-0.00663654019064264
795	-0.00620128760752927
795.5	-0.00626799217960123
796	-0.00605855574081245
796.5	-0.00764958635103317
797	-0.00744591329233409
797.5	-0.00622549917981165
798	-0.00627776479478996
798.5	-0.00792875948428807
799	-0.0058572091006307
799.5	-0.00753000519881699
800	-0.00759656429590592