t	counts	ref_file	wl0	bth	t0	t1	OD
0	3.77883363	ref_400_400.txt	400	13	30	330	OD1.txt
0.6	9.44708443						
1.2	11.3365011						
1.8	5.66825056						
2.4	0						
3	11.3365011						
3.6	0						
4.2	7.55766726						
4.8	0						
5.4	7.55766726						
6	5.66825056						
6.6	15.1153345						
7.2	11.3365011						
7.8	3.77883363						
8.4	1.88941681						
9	15.1153345						
9.6	5.66825056						
10.2	1.88941681						
10.8	3.77883363						
11.4	5.66825056						
12	5.66825056						
12.6	5.66825056						
13.2	1.88941681						
13.8	1.88941681						
14.4	0						
15	3.77883363						
15.6	1.88941681						
16.2	5.66825056						
16.8	1.88941681						
17.4	1.88941681						
18	5.66825056						
18.6	1.88941681						
19.2	9.44708443						
19.8	5.66825056						
20.4	5.66825056						
21	7.55766726						
21.6	3.77883363						
22.2	3.77883363						
22.8	0						
23.4	17.0047512						
24	1.88941681						
24.6	3.77883363						
25.2	5.66825056						
25.8	11.3365011						
26.4	13.2259169						
27	1.88941681						
27.6	5.66825056						
28.2	3.77883363						
28.8	1.88941681						
29.4	0						
30	369915.688						
30.6	369481.125						
31.2	368863.281						
31.8	368897.281						
32.4	368944.531						
33	366873.719						
33.6	368224.656						
34.2	368209.531						
34.8	368851.938						
35.4	366699.906						
36	366718.813						
36.6	367680.531						
37.2	369003.094						
37.8	367191.156						
38.4	368014.938						
39	369173.125						
39.6	367931.813						
40.2	367884.563						
40.8	368088.625						
41.4	368795.25						
42	367672.938						
42.6	366550.625						
43.2	368498.625						
43.8	366786.813						
44.4	367512.344						
45	367026.781						
45.6	367723.969						
46.2	368198.188						
46.8	366452.375						
47.4	368130.188						
48	367223.281						
48.6	365927.125						
49.2	366715.031						
49.8	367072.125						
50.4	364532.75						
51	367504.781						
51.6	367255.375						
52.2	367383.875						
52.8	365823.219						
53.4	367778.75						
54	368627.094						
54.6	367057						
55.2	368277.563						
55.8	368681.906						
56.4	367079.656						
57	367863.75						
57.6	367219.5						
58.2	368710.25						
58.8	368077.281						
59.4	367433						
60	368627.094						
60.6	367281.844						
61.2	366522.281						
61.8	369226.063						
62.4	368664.875						
63	367325.281						
63.6	366163.313						
64.2	367440.563						
64.8	367157.156						
65.4	368281.344						
66	368145.281						
66.6	368789.594						
67.2	366074.5						
67.8	367580.344						
68.4	367472.688						
69	367996.063						
69.6	367446.219						
70.2	366807.594						
70.8	367860						
71.4	368640.313						
72	366441.063						
72.6	369224.156						
73.2	367221.375						
73.8	367597.375						
74.4	367434.875						
75	367242.188						
75.6	367134.469						
76.2	367928						
76.8	367688.063						
77.4	367119.375						
78	365806.219						
78.6	366607.313						
79.2	367323.406						
79.8	366405.156						
80.4	367251.625						
81	366078.281						
81.6	367996.063						
82.2	366049.938						
82.8	367582.25						
83.4	367803.313						
84	367181.719						
84.6	366688.563						
85.2	367546.344						
85.8	367302.594						
86.4	366408.938						
87	367306.406						
87.6	367240.25						
88.2	368260.563						
88.8	365441.563						
89.4	366671.563						
90	366471.281						
90.6	365972.469						
91.2	366847.281						
91.8	367570.906						
92.4	368600.656						
93	368150.969						
93.6	366507.188						
94.2	367775						
94.8	366626.219						
95.4	366732						
96	367599.25						
96.6	367994.156						
97.2	369698.406						
97.8	369005						
98.4	367495.344						
99	367943.125						
99.6	367512.344						
100.2	368432.5						
100.8	367841.125						
101.4	368523.188						
102	366983.313						
102.6	368570.406						
103.2	365583.25						
103.8	367298.844						
104.4	366871.844						
105	366208.625						
105.6	368047.031						
106.2	368455.156						
106.8	367136.344						
107.4	366032.938						
108	366873.719						
108.6	365753.313						
109.2	367484						
109.8	365978.125						
110.4	367285.625						
111	367740.938						
111.6	366310.688						
112.2	366314.469						
112.8	367395.188						
113.4	367419.75						
114	367657.844						
114.6	367508.563						
115.2	366947.406						
115.8	366826.469						
116.4	366112.281						
117	367529.375						
117.6	367888.344						
118.2	366998.438						
118.8	368132.063						
119.4	365186.469						
120	365143						
120.6	367895.875						
121.2	368596.875						
121.8	367735.281						
122.4	366898.313						
123	365468						
123.6	367550.125						
124.2	366671.563						
124.8	366074.5						
125.4	368978.531						
126	367327.188						
126.6	367599.25						
127.2	367315.844						
127.8	367302.594						
128.4	367041.875						
129	366792.469						
129.6	366937.969						
130.2	367461.344						
130.8	366779.25						
131.4	367264.813						
132	367467						
132.6	367363.063						
133.2	368602.531						
133.8	368759.375						
134.4	367650.281						
135	365604.031						
135.6	369346.969						
136.2	368290.781						
136.8	368349.375						
137.4	366652.688						
138	369299.719						
138.6	367117.469						
139.2	368489.156						
139.8	366012.156						
140.4	365859.094						
141	368555.313						
141.6	367929.938						
142.2	367132.563						
142.8	367410.313						
143.4	367128.813						
144	367928						
144.6	367952.563						
145.2	367888.344						
145.8	367429.219						
146.4	365974.375						
147	368506.188						
147.6	367996.063						
148.2	367433						
148.8	366216.219						
149.4	366265.313						
150	366913.406						
150.6	368020.594						
151.2	368373.938						
151.8	367291.281						
152.4	367625.719						
153	366235.094						
153.6	368504.281						
154.2	367009.75						
154.8	366342.813						
155.4	366070.719						
156	367701.281						
156.6	366235.094						
157.2	367102.344						
157.8	366420.25						
158.4	367776.875						
159	366815.156						
159.6	366543.063						
160.2	366142.5						
160.8	367589.813						
161.4	369254.406						
162	366937.969						
162.6	368409.813						
163.2	368007.375						
163.8	365732.5						
164.4	366932.313						
165	366792.469						
165.6	366843.5						
166.2	367661.625						
166.8	365384.875						
167.4	368192.531						
168	366520.375						
168.6	368751.813						
169.2	367480.219						
169.8	366877.5						
170.4	368113.156						
171	367480.219						
171.6	367329.063						
172.2	368167.969						
172.8	366492.063						
173.4	366692.344						
174	366223.781						
174.6	366478.844						
175.2	367289.406						
175.8	365360.281						
176.4	366452.375						
177	367308.313						
177.6	366242.688						
178.2	367714.531						
178.8	368872.75						
179.4	365362.188						
180	366444.813						
180.6	366274.781						
181.2	366737.688						
181.8	365192.156						
182.4	367880.781						
183	367648.406						
183.6	365248.844						
184.2	365071.219						
184.8	365554.938						
185.4	367181.719						
186	366312.563						
186.6	368039.5						
187.2	365195.906						
187.8	366170.844						
188.4	367047.531						
189	367954.469						
189.6	365651.281						
190.2	365972.469						
190.8	364430.719						
191.4	366229.438						
192	365116.594						
192.6	364445.813						
193.2	366403.281						
193.8	367287.5						
194.4	367706.938						
195	366781.156						
195.6	366488.281						
196.2	368889.719						
196.8	367125.031						
197.4	365377.313						
198	365292.281						
198.6	366495.844						
199.2	366038.594						
199.8	366461.844						
200.4	365997.031						
201	368016.813						
201.6	367820.313						
202.2	365785.438						
202.8	366116.063						
203.4	366044.25						
204	364848.281						
204.6	365150.594						
205.2	366356.031						
205.8	365745.75						
206.4	365734.406						
207	364574.313						
207.6	367143.906						
208.2	367261.063						
208.8	366441.063						
209.4	367366.875						
210	367705.063						
210.6	367138.25						
211.2	365906.344						
211.8	367058.906						
212.4	366463.719						
213	367417.875						
213.6	366800.031						
214.2	366425.906						
214.8	366091.5						
215.4	366029.156						
216	366510.938						
216.6	366656.438						
217.2	365003.219						
217.8	366684.781						
218.4	365932.813						
219	365362.188						
219.6	365951.688						
220.2	365583.25						
220.8	365290.406						
221.4	366246.438						
222	367245.938						
222.6	366970.094						
223.2	366265.313						
223.8	366652.688						
224.4	366320.125						
225	366467.5						
225.6	367487.781						
226.2	365328.188						
226.8	366877.5						
227.4	365530.344						
228	365211.063						
228.6	366034.813						
229.2	366412.719						
229.8	366529.844						
230.4	366563.875						
231	366580.844						
231.6	366240.75						
232.2	366093.406						
232.8	367892.125						
233.4	366238.875						
234	367032.438						
234.6	366900.188						
235.2	366412.719						
235.8	365883.656						
236.4	366337.156						
237	366828.375						
237.6	365008.875						
238.2	365150.594						
238.8	367323.406						
239.4	366187.875						
240	367091.031						
240.6	365802.406						
241.2	365116.594						
241.8	366943.625						
242.4	365626.719						
243	365127.906						
243.6	365966.813						
244.2	367002.219						
244.8	365758.969						
245.4	367247.844						
246	366584.625						
246.6	368271.875						
247.2	365828.875						
247.8	366945.531						
248.4	365658.844						
249	366851.063						
249.6	366314.469						
250.2	366533.625						
250.8	365930.906						
251.4	366178.406						
252	366478.844						
252.6	366168.969						
253.2	366526.094						
253.8	367476.438						
254.4	366968.188						
255	366573.313						
255.6	364816.156						
256.2	366284.219						
256.8	365713.625						
257.4	366059.406						
258	366813.281						
258.6	367055.125						
259.2	366104.719						
259.8	367138.25						
260.4	365613.469						
261	366507.188						
261.6	366690.469						
262.2	367238.375						
262.8	365747.656						
263.4	365263.938						
264	364615.844						
264.6	367523.688						
265.2	365360.281						
265.8	367310.188						
266.4	365647.469						
267	364447.719						
267.6	365713.625						
268.2	366543.063						
268.8	365796.75						
269.4	364831.25						
270	365764.625						
270.6	366747.156						
271.2	367227.031						
271.8	366684.781						
272.4	365721.188						
273	366567.625						
273.6	365035.313						
274.2	366354.125						
274.8	366539.281						
275.4	365432.125						
276	366144.406						
276.6	365207.25						
277.2	366407.031						
277.8	365420.75						
278.4	368022.5						
279	366374.938						
279.6	366252.125						
280.2	364823.688						
280.8	366567.625						
281.4	365664.5						
282	365568.125						
282.6	365853.438						
283.2	366182.219						
283.8	367066.438						
284.4	366652.688						
285	365556.813						
285.6	365840.219						
286.2	365851.563						
286.8	364957.844						
287.4	365951.688						
288	366599.75						
288.6	366369.25						
289.2	365505.781						
289.8	365564.375						
290.4	365382.969						
291	365432.125						
291.6	367262.938						
292.2	366563.875						
292.8	365386.75						
293.4	365503.906						
294	366544.969						
294.6	366046.156						
295.2	367366.875						
295.8	366310.688						
296.4	365350.844						
297	368787.719						
297.6	366813.281						
298.2	366682.906						
298.8	365403.781						
299.4	364774.594						
300	367149.594						
300.6	366065.063						
301.2	365180.813						
301.8	365804.344						
302.4	367493.469						
303	367718.313						
303.6	365949.781						
304.2	367053.219						
304.8	366408.938						
305.4	366066.938						
306	367525.594						
306.6	366369.25						
307.2	366382.469						
307.8	365840.219						
308.4	364217.219						
309	365390.531						
309.6	366975.75						
310.2	367450						
310.8	365046.656						
311.4	364914.406						
312	366939.844						
312.6	365129.781						
313.2	365475.563						
313.8	366229.438						
314.4	365915.781						
315	366497.75						
315.6	366975.75						
316.2	366002.719						
316.8	366367.375						
317.4	367501.031						
318	364927.625						
318.6	365218.594						
319.2	365605.906						
319.8	366781.156						
320.4	366214.344						
321	367742.875						
321.6	366834.031						
322.2	366452.375						
322.8	366737.688						
323.4	365651.281						
324	366136.844						
324.6	366165.188						
325.2	367138.25						
325.8	366289.906						
326.4	365165.688						
327	366981.406						
327.6	365373.531						
328.2	365415.094						
328.8	365001.313						
329.4	366361.688						
330	5.66825056						
330.6	9.44708443						
331.2	5.66825056						
331.8	3.77883363						
332.4	9.44708443						
333	3.77883363						
333.6	5.66825056						
334.2	5.66825056						
334.8	7.55766726						
335.4	3.77883363						
336	5.66825056						
336.6	9.44708443						
337.2	5.66825056						
337.8	1.88941681						
338.4	9.44708443						
339	1.88941681						
339.6	7.55766726						
340.2	1.88941681						
340.8	7.55766726						
341.4	3.77883363						
342	5.66825056						
342.6	7.55766726						
343.2	5.66825056						
343.8	9.44708443						
344.4	1.88941681						
345	7.55766726						
345.6	1.88941681						
346.2	5.66825056						
346.8	1.88941681						
347.4	3.77883363						
348	5.66825056						
348.6	1.88941681						
349.2	3.77883363						
349.8	7.55766726						
350.4	5.66825056						
351	3.77883363						
351.6	5.66825056						
352.2	5.66825056						
352.8	1.88941681						
353.4	11.3365011						
354	5.66825056						
354.6	9.44708443						
355.2	7.55766726						
355.8	5.66825056						
356.4	5.66825056						
357	9.44708443						
357.6	1.88941681						
358.2	1.88941681						
358.8	13.2259169						
359.4	5.66825056						
360	3.77883363						
